INIT 15 15
TEAM Y
MAP .............B.
MAP #.......#......
MAP ..#..B...B.....
MAP .....B.#.....B.
MAP ##.............
MAP ........#.B.#B.
MAP ......#.....B..
MAP #H.....B.....H#
MAP ..B.....#......
MAP .B#.B.#........
MAP .............##
MAP .B.....#.B.....
MAP .....B...B..#..
MAP ......#.......#
MAP .B.............
BUILDINGS 17
0 7 7 PLAZA
1 2 8 HALL
2 12 6 HALL
3 4 9 LIBRARY
4 10 5 LIBRARY
5 1 11 ENG
6 13 3 ENG
7 1 9 HOSPITAL
8 13 5 HOSPITAL
9 1 14 STATION
10 13 0 STATION
11 5 3 STATION
12 9 11 STATION
13 5 2 WATCH
14 9 12 WATCH
15 9 2 DEPOT
16 5 12 DEPOT
BASE Y 1 7
BASE K 13 7
END
28 12 12 379 387
0 2 3 0 0 1 0
0 2 2 0 0 1 0
1 2 2 0 0 0 0
0 2 1 0 0 1 0
1 2 1 0 0 0 0
0 2 1 0 0 1 0
1 2 1 0 0 0 0
0 2 2 0 0 1 0
1 2 2 0 0 0 0
0 2 2 0 0 1 0
1 2 2 0 0 0 0
0 2 2 0 0 1 0
1 2 2 0 0 1 0
0 2 3 0 0 1 0
1 2 3 0 0 1 0
1 2 4 0 1 0 0
1 2 4 1 1 1 0
52
0 0 9 1
0 0 101 2
0 0 140 1
0 0 182 2
0 1 35 7
0 1 47 2
0 1 50 9
0 1 51 2
0 1 77 2
0 1 101 2
0 1 107 3
0 1 108 5
0 1 109 3
0 1 110 6
0 1 112 4
0 1 121 3
0 1 122 2
0 1 124 5
0 1 139 1
0 1 151 5
0 1 166 6
0 1 181 4
1 0 22 1
1 0 85 1
1 0 142 1
1 0 168 1
1 0 184 1
1 1 5 1
1 1 20 1
1 1 27 3
1 1 36 4
1 1 42 5
1 1 70 4
1 1 85 3
1 1 97 2
1 1 100 12
1 1 102 3
1 1 114 8
1 1 115 9
1 1 116 10
1 1 117 3
1 1 133 3
1 1 144 1
1 1 156 1
1 1 157 3
1 1 159 4
1 1 168 2
1 1 169 1
1 1 184 1
1 1 185 2
1 1 186 1
1 1 197 1
6 24 9
1 136 1
1 136 1
1 136 1
1 136 1
1 136 1
1 136 1
0 9 24 1 0
0 101 102 2 0
1 35 36 1 0
1 47 48 2 0
1 50 35 2 0
1 51 36 2 0
1 77 62 2 0
1 101 102 2 0
1 107 92 1 0
1 107 108 2 0
1 108 109 5 0
1 109 110 3 0
1 110 111 6 0
1 121 136 2 0
1 121 122 1 0
1 122 121 1 0
1 122 123 1 0
1 124 109 5 0
1 136 121 5 0
1 136 151 1 0
1 151 166 4 0
1 151 152 1 0
1 166 181 1 0
1 181 182 4 0
2 15 16 8 14 10 12 4 6
0 0 0

