CASE newbies-t10
BEFORE
spawn 1 3,5 6
W 6,7 -> 7,7 7
W 3,5 -> 3,6 5
W 3,5 -> 3,6 1
W 4,5 -> 5,5 3
W 4,5 -> 5,5 2
W 4,5 -> 5,5 1
W 6,5 -> 6,6 6
W 7,6 -> 7,7 3
W 7,6 -> 7,7 3
W 5,6 -> 6,6 2
W 3,7 -> 4,7 2
W 8,5 -> 9,5 1
AFTER
spawn 1 3,5 6
W 6,7 -> 7,7 7
W 3,5 -> 3,6 5
W 3,5 -> 3,6 1
W 4,5 -> 5,5 3
W 4,5 -> 5,5 2
W 4,5 -> 5,5 1
W 6,5 -> 6,6 6
W 7,6 -> 7,7 3
W 7,6 -> 7,7 3
W 5,6 -> 6,6 2
W 3,7 -> 4,7 1
W 8,5 -> 9,5 1
W 3,7 -> 3,8 1
CASE coral-t18
BEFORE
spawn 1 1,11 1
spawn 1 1,11 1
spawn 1 1,11 1
spawn 1 1,11 1
spawn 1 1,11 1
spawn 1 1,11 1
W 2,5 -> 2,6 1
W 5,5 -> 5,6 1
W 4,6 -> 4,5 2
W 2,8 -> 2,7 2
W 2,8 -> 3,8 1
W 3,8 -> 4,8 6
W 4,8 -> 5,8 9
W 5,8 -> 6,8 12
W 7,8 -> 7,7 1
W 2,9 -> 2,8 6
W 3,9 -> 3,8 1
W 4,9 -> 4,8 1
W 2,10 -> 2,9 6
W 1,11 -> 2,11 6
W 2,11 -> 2,10 4
W 8,9 -> 9,9 1
AFTER
spawn 1 1,11 1
spawn 1 1,11 1
spawn 1 1,11 1
spawn 1 1,11 1
spawn 1 1,11 1
spawn 1 1,11 1
W 2,5 -> 2,6 1
W 5,5 -> 5,6 1
W 4,6 -> 4,5 2
W 2,8 -> 2,7 2
W 2,8 -> 3,8 1
W 3,8 -> 4,8 6
W 4,8 -> 5,8 9
W 5,8 -> 6,8 12
W 7,8 -> 7,7 1
W 2,9 -> 2,8 6
W 3,9 -> 3,8 1
W 2,10 -> 2,9 6
W 1,11 -> 2,11 6
W 2,11 -> 2,10 4
W 8,9 -> 9,9 1
W 4,9 -> 4,10 1
CASE sinchon-t18
BEFORE
spawn 1 4,4 6
W 4,5 -> 4,6 5
W 4,5 -> 4,6 1
W 4,5 -> 4,6 1
W 4,5 -> 4,6 1
W 4,5 -> 4,6 1
W 7,6 -> 7,7 9
W 6,7 -> 7,7 9
W 4,4 -> 4,5 2
W 4,4 -> 4,5 4
W 4,4 -> 4,5 1
W 5,5 -> 5,6 5
W 5,6 -> 5,7 5
W 5,7 -> 5,8 4
W 6,5 -> 6,4 1
W 8,7 -> 7,7 1
W 5,8 -> 5,9 1
W 5,12 -> 5,13 1
AFTER
spawn 1 4,4 5
spawn 1 1,5 1
W 4,5 -> 4,6 5
W 4,5 -> 4,6 1
W 4,5 -> 4,6 1
W 4,5 -> 4,6 1
W 4,5 -> 4,6 1
W 7,6 -> 7,7 9
W 6,7 -> 7,7 9
W 4,4 -> 4,5 2
W 4,4 -> 4,5 3
W 5,5 -> 5,6 5
W 5,6 -> 5,7 5
W 5,7 -> 5,8 4
W 6,5 -> 6,4 1
W 8,7 -> 7,7 1
W 5,8 -> 5,9 1
W 5,12 -> 5,13 1
W 1,5 -> 1,6 1
W 4,4 -> 3,4 1
